Zadanie 6a
Dlugosc 1000
Zadanie 6b
1010100111010100
1011111110010101100100000001011000001111001100
111101111011000011011101001110100010101110010000001011111100100000000000110010110010101011010
1110010000100110000000110111011110011100000000000101101101001110110110000010001011001111000001101100100001000101111010011011011101001110000101111111100110001011101000111111010000110
10101001111001101100111011111000101101001101110100100111101001001110110011110000010001100111010100010011110010101001100111010110001100100010000110101000101100001111000000110010010
1100111001010110010000001100101111101110110010001011110111101110111011110000100
10100000101101001000101111111000000110010111001110101110001111000101111010001111111101000010101100000001100010010001011010000000001100101101111110101010100010110111001001110110
1100001110111111010011101111100110100001101011011000011101100
101111111111101101000101001011100101010100101111110
1110010110000101100110011110011000000111010100011111010011101110110001110
11000001110000000010010111101111000000001000111111110010010100111100101100101000100010111011100000011010001001111101010010001100110000010101100101100001110110010111100001010100111001110100101100000010
11001101100010111111100001001011101100100101101000101000011111110010000110000001111100
110100000011010110111011001111000111010111100000
110111100001101010100100111001010
10001011101111111011001110001010011010111100010010011011001011101111111100100111011000101001000011110111101101111000111011010110110101001011001001010100011110011110111000100100111110010100100110100110
11010101000110110101100001110110111010100011101101011110101110111111101000110101100000110010010
10001001101100001011110010011101110000101001010111100101011101011100011001001100000110011100101110011000011011100011001010010010110110000001000010011110000011101111011101010011110100001011100111000100
110100011001010010110000001101100011000010110000110011010011000111100011100111111100100101000110001110010010100010101100100010000010100000011110
11110001100111010011010101111011100110111001001011100111111110110010000001010000101101001100111001110111100011001000111010010111001101010100011110101100101001011111111110110010001001111100100011111100
111000110001000000011001000000101010010000110111010101010010111011111000011111010101000
1111010000000001011010010111101011110010001001111110001101011101101110101011111100010100110101111010100100110110101010
11011110000100110101111111110101001110100110001110101110000110101000111010101001111110100010111111100000110011001001110011011111110011000000111111110101110110100010001101010101000000
10011111110001110111100100101101101111100110100011101011110111100100100100100000101000011111010010110010111110110100000111111111111001010010011001100100101100001011101110111010000001001101111010101000
110100011101111111000000011011101110100101000111100010110101001111001000111111011001111010100100000010000100100011001100000010100111110000111001011000101011110101100
11000101101011100001100001011001001110
1110111000101001010100100011111010101010001001100110111101111101100001111101110010
10111100110001001001101111001010100001100100111100101110110010110010010011110001000000111010011000110110011001000110100000101001100000100100101010101011101111100110110001110011000010010101110010001100
11011011110000110111010100111101101000001010110000001010010000111001011000001000000101010001101110111011110011110001000000000011010010010010110101100101101110110010111011001100010001000101010111011010
11000111111111100000000101100111110110110010000110000110000000100001111000110101000100110000101111010010101101000001100101111001001100011110110000000110000
11000001000000110001011100000010011001110010110110001011100011011100100011100011101110011101011000110000000001110110001000011011110001111100001001010111000000001001110100100010110001011111000001011000
11101111000011010000101010000101011101101110101000000110010000110011110110111010011001001000000111101101011000001100110110011111000010101111101100101001110111001100010000000101000010100100
11100111110001100010110011111001100101011010110110010100001010101110001011000001010010001010011100010110111001101111001010111011010000000001000111000011111100100010111010101011101001001111100100001100
101100010100001000110
11100000010100100100001000101011110011111001011000110011101010010101011111110110001001010100101100010100011100010001110101101110101110010101011011001101101110100011111000101101100101101111001000010110
1000010101100111110001110001111100001011010011100100100101110110001110001011010
101100
1000101001111111001010000110110101010001111100101001000111111101110000111101110000000100100010000101110110100100110110010010111110
10010101100010000010110101110000101100011011010010010101000110111110001101100110111001110010100000010110011100101011101101001010100111111111001100111101101010110101001001110100011001011101001111000010
101110001110110110010110010010010010010100111000001011110100101001001111000000000000100000101000100101010110010010101010010110011101011000000111100011100000100001100110010001010100
111110111001000001101101101011101111111101110010000000101000000100010111100000100100000
10111011011000101001100010100001000100000000011010101100101011101010101101001001101100011100000100000001000111111101110001011110101000001010100101100000100000001111001111100111110101101100001101011010
10011110011000010000111100001010010000100010011101111110100100110101100001001001101010110100101110000111010110111110001011001101110011101100111101110110101001010000001001010010111001001001101000001000
10010011110101100010100001110011101001101000101000000110000110010110111110100011100011100101101110101101110010001010100010111001100110000110101100110100011000010011001110011010000110001011000111000000
10110101010100100111001010110111111011111010111001100000000001110011110011100111001000101000011111001001100000111001111100100010001000011101110010001101111100111001011101000001000
1010011101000100001101011111000101101000
111101101010010100111100101110010010
1110001101011111001011011010
11100110011000001111010011101110111110110101110011011110011111100001001110101101110010000100001110000000101010001101110011100001111110011100001001110101001100011011011000100011000000000011111011010100
1100000111010111100100000101101101110110111010111001110011010101010010010111101101110100101000101100000
11000010000110001011110000110101111100111110101010110001101001000010001111110000101111000001100000010100001010111100011111010001100100000101011010000101000011111000001010101111100011100111000111111010
10101101000000101110011011110000111100110101001011010111100001111011000111100100001111100101000111010010101101001100111011111011110010111001101010001100100101100011010110111010111010001100010001100010
10000010001000000000011010001001100001100001101100101101111111110011001110000101111001111001001011010010011100001100111101111110000001011110100111110010101101000001010010110110100011000110001110110100
1001110
111000110100010110111100101010100111101011000111000111010111111100101111100011101111011111100111000001111010101110101101111101000001100100100110001000011001011011100010010000100
11011111111011100100000101000100011100000010100001000011101101001011001010001100101001010000101010111111101010101101100100010101001000110110000000001000100110010011111111010000000100110011111111011000
110100011111101100111101110101110101010011010000000001010101111011000001111100011111110111110101100
10010101010000000001001100000010110001100111110001110010001011110000111110001000011001010011011011110010010000100011010100000001101101001101110010111101101110011001100000111101100111111100100111000100
111101001100001101011010110001010100101010001001101011001010010000100
11000001000111111010111111110001001111110101000100000001111011110111111111011101101101001110100100100010110101000101010111011110000010111010001111010001110111100101000010101000001010100000011101010110
10010100010111111100100101010101110010100100100111111010010101100001000010101001010001101110000101010101110001010100101010100011111110000001010110011110000001110000110001000110111000111100010000111000
10110110011011111000000010101101101100101010001001001000101100000011011111111101011100100111111011010011100000111010100111000
11101000101110111000000000001011111011010101010001101111010110100111100101000100101001001101110010000001011111110010011111010100110111011110001110
100001100111000100001010110011010010110010010110000100001000011011011010100000111001011101110001011010011100101111001010
10100101101111011110001101111101111001010101011001011101001011111101000000111010101001010010101011100000100111100101111110110000000001100110101000011101111101110011110111010000011010110111010100111010
11101011100010101011110111011000101101010100100101010000110101100000011110100111010000000111110110101011111101000100111100101000011011111011010011110111101011000000111001001110011011000011010111000100
101000001011111010001111010010111000110011101011101011110110110100
1011100010001011001010001100
100100100111101100110001000000001001100001011110011101100110100111000110100001110111001011101001100001010100001010011100110110001110001000000010001100000111100100010010100100011110110110010
1000000111100110111111011010001011100000011100100011001000110001001011010111000110001011000001100111101010
110010100011011111011111011100101100111100101001110010111000010000111000100100100000001110101111011011110100101101011101101100001001111010010
1101110011111111101000010000001010010011001000000111111001111100000000110000100011001001001000010000010110010010010000101010110011100100011010100011111011100111011101110101111100001001111100101100
11011101111010100011010100000010100110110101001111010110000111010111101110001000001000110111100001111011111100101111001101001100111010000101110000100101101111100111101110010100011011011111100011001010
100110111111011011111111101010101101110011100101110000110111001111000001111001100010011111110000000100111101111111000000000
1101000100010001011100100111110000
11001001101010010101111110110111000100110001101001110010011101010100000100011111000001000011101011101101110011101010001110
10001000011011010011011100100110111000000001100
10000100111100010111011011111110011010011010011100110010000001001001101011001001101011110001101001100110010100111110100101010100001100000010110001111000111101110010111101101111101110010101000010101100
1010101001101000011001101011110000110100110110111110000000111001111010
110010010011111101010011000100011101110100111111000001001011011100111101000111001010101100001001011101011001001010010
10100001000111011001110100110101101111011011000011111110011000101101110111010100101011101001101101000111110
10101011001100000110011011010111110111101101111111111100000100011011011001110001100010011001010110100100010110000101011101100110010000001001011101100001000101001011111010011010011111001010101000111000
10100100001000010001100100000011010100100010010010110101101000110000110100111100100101000100101111000110110100101011010001010010010000110000111111101100100100011010000001111110101001000010010001100
110110111110010000110111000110110100010110100001011101101001000101000010001100101100111001101001010
10000100101100111110101000011110010000100000011011100110110000001010010001000000010010110110011000000111010100001001110101101001100100111011011000011011101010000100011111000001111110010110011110010000
1000100101101011111110001110110111100110100001101000011101111111100101011110100101101111001101011001111000100110101011001110000110000100000101010110010111000101110010110000111111100
1110110000100101010010110000001010111100101011011000101101011000100010100000001100100010110101101001100111110110101011101011010101111010110110110001110010000100010
10001010111010110101110110011111100100000001010111010000111011110111111000110001001111000010100111111001001010011101110110100100111000101100010011110001111111001011010100011011000001110010101100010110
1101011111001111110111000010101001111011001111001101101010010001000000011101110101100010100001000001011010000011110011010110010011011011000110011001100101001001100100110100111000100101011110
11101011011001101111000000100111000101011000010001111000101010110011111110001110110011111111101011001100101001010101101000100
11100111011001000000110100011010100000001001000011000110111101001011101110111000100111001011000100101111010100110110011111000011101001010000100001010000010111001110010100101000001001100011011111110100
11101101001100111110101111001110111010111111111100110100000011111100110101101000001001000100101011100000011011001011010001001000100000110101011111111100000011010111010011010100111001111110
111001010100101111010000110011110111011111000101000001000101001110011100000100111110000111011001010010
110101011110
10111010100100011111110
1111111111110101010110011100011111110001100111010011010101111100
1100100000000011011110101110000011101100100
1001001101000111010010010100101100000111000001011101101010001101001011110010111010011001000101000111001110111010100011000101111000001101010010000
101111110000111000110100000001111101010001000110111100011111011000000000111000100101111010111011100
11001010001101110100100100011101010001000100111110100011001110101101100111101011010111000100011110000111000010110010100101100001001100100010010010011111000010111011011111000101110011110001100011000110
11110001000000110110100100001110101000001001011111001010101100001001011000111010001001110000110010001110001101000001101001111000001011010001100011101100001111100001011000111111011101011100100101111000
101100000011010110101111101101101111110111001101010010111001010111000110001000101000000111000110100000010100110000011110
11000011011101101100001111011100000001100100111100001001101111110010001011001101110100011010111100100000010011101001110111001111000101101110101101010000011100111010011111000011001011000000010001010110
1001100111011100111110101000100011111100001101110110100110100011111101001011110001010011010111110010001001010010111111110000010011110100
10101100001111010011001011111001000010010111101100100010000100101011001011000000001000100010110011011011010000101110101110100
1110000010110110011101010101110101000010111101001000100100000010011000110110010000111111010110100010010101001010101001100110100
10001001111100101110111001011010011100111001110100
11100101000100000000001100100001101110100000010101101011010101101100111001011100010010011000111011101001011011110111010000011111001100110101010001011001001000110
10011011001011001100100100111010011000101100110111110010010101100010111010100001111011101000101111000
111111111111111000111100110011011001001000011011001110001001010000000000
11110110100100001111101010001110000101000001100111000100111001000001001000111110011010001110101101000101011100010011110011111111101111001110111100011101000
10101001010110111011000000011100110110101100011001100111011101000110100110110100111010110110010011010001011011100011001110000110100001100101100001010000011110000001000101001100011011001111101000000010
10111101010110001010110101100111110111000000010110000111010101100101001011001010000000000011110010010100110001010000111001101001000110000111001111101101011110011011101101001001010000110101011011010100
1101011101000110
101001100110101000001111111001110101111110010000001101101100111000010000010001110010101100100011111110101010001100111011011111000000101000101110111011100101100000101001110001010
11010111001101010100001101000100000111100001110111101010001010010001000100101011111010100011100000110100101101110110010101110111001110111101010100100011010110001111111011000100111010001001010011111110
1110000110001110001101110000010010010000010011101110001000000101010101110001001111101001001110101111101000000101101001000111010001100
10110010110
111000111111001010100101001100011001111111100100000
10010101001111011110010110111010110111101010110111011000101111011101010110100011011010010011111110001111001001101101100100100101010010011011001001011000101111101010011111110010011111000100001111000000
1000010110100111101011011001011111011110111000010101101100000110000100011111011001101000101000000
1000110000100111001101100010000011111010011000110110111110101100000001001111000001001110010100010000011001010110011111110011101010110111110000000010110100100111110000100000111010011110010
11100000001011001111101111001010100110011010010010110011010000010101111011010110110100000100111000001101011010100100110011100111110001100000111101101110110111010101111010110110000010111000100000100110
10010101111110010101110010000001110000111011011101111000101010111001010001111000001101110100111111101101101100000011000101010010000100101010111101111100001101000011100000110110011010011101101110000110
110010110001010101000101111010001111001011000001011110101001000010000111010101001100111000110100110101010001001010111000110001001110110
1111100010000011111011011001010001101001100001100111010101010111000111010010000111110011101111000110110001101101111111111111001100001001010
11101100000010010010110100110001111001011101010010001011110011000111111011001001011111110110000110101111110101001101001011110110110011001101010111001100100100111111111010001100001110
10101101000010110110010001111110010100010001101001001000010100101010010100011111000000100111011101111110
11010000101000000101001011101000001001110011100001000001110101011100100000010111010111011010111101011010111010110000100111001010101010001001100
110100011001101011100110110010101000101100110101011011101000000110011100010
1100011111011011101110011010000011010110100000011101011010010100110000010
11000101010111001101100100101001100111010001101010011100101100010110000011110101101011000011101101010111101000000111100100011101000110011100011000010010001011101101110100000011000011010011000111010000
1101101110111010111100
11111101001111010001100000000011001011011000011110000011111000011001000110
11100000100011011000110000111101011100111000111110111100110000000100100100011000000111101000001100111111101111101010000011000001010000111101011001000010
110101110111111111101100000100101000111001100111000010000111101000001011110011101011010111111011101100000001001000100101111011000010000
1111000010010110100111100011111111011111100100101111110111110110011001000101010001111110011110101011001101000101100101011010101010
11111001111110111111010000110101100010100101110111111011010110011011001010111111110100100001000110010110001010111100100101001010110001000110111011100100110000101101010011001000000000010011110001100110
1001100010001100101011101101000111110111001010101100111100011011010000101010000110001000001011100001100110111100
11111100100001010011101110101000000010100001111000110
101100010001011011111001110001011011000010100001100100011110001010110101110000010100101000011100000101110110010001010100
101111000000110001011101000100100100001111011100001111001100011111110110011000010110000110000000
11100000010000100010010001011001110001100111001100110010100110100011101000011100110101001111001111010010101010010001000110111000101001111101001000001010000010011001000111101111110000000010001100111000
110101101111011001001100110010000001101101011100110011111100001101001011001100010001110011010001100111111010001011101101101010010110011001000101101001110000100110110001000001011101110010100001110000
11011011010001111101110001010
110000000111111101010011011001001001101000001111111000101000110100100010111001110110000011100001110001010
101111011011101111001101110110110001010100000101101110001100010010
10100101100011010010101000110011100000101010110010000000100011100110110100101110110111011011110001111100001110000110100101010011000000010100110100110100010110101110001111110111101110110010
111010000001001110
11000111001101100111101011011000100000110101000000001101001110101100111101111101100110110001001100101010100100100111001110101111011110100010111100000000110011100110001100000100101000111011001001010010
111010011101000100011001000000110000011110101010111011100010110001100011111001001001101000111000100011100000001110
110000001001010011100110111010111010010010
1011011101111010100111010101000111011101100011010100110001111110000000111001010011101010011111100000011011000011111110111100001010110101111010001111001010
1100110101001001011011101001111111011110100000011111001000100010
10100001111010001100101111110010111011010100100000011001000100110001111100111101000000100010000011111111000110000001001001101000010100000010011111000110110100110110101011010110010100110111010011001100
10100110000111011000101100111100011011110100100010010110110100000001010111001010001111101010100111110001010000101101111110001101001111111001110101010111001101011101011110111000010110011011100110001010
11010010101001000010001010000000100100010001111010100111000
111010001010100000101010111011001001001000111001111010100101110010001100110100001000100001000000
10101000111000101100111110101101010001110001010011101100110110101001001110010100000000110011100101111011110111000011110110010010111010011110011110110000011011001010
110011010000101011110111100011110000000010010010000010001001100001011111100111001010000100010110000
10011101000110101001110011101011010111011110010001101011001011010110000001111101111001000111101011001000101011111011111100111011100100010000001000111111010100101111101100010011011000110100101010001100
11000010110101111010000010011111001000001111110011011010001011100010011010101010011100011100101101110100000101010110011100111010010111010010011100111110111000010101000010011110111011101111001001001000
110101011001101001111010010011010010101011111100100010101101000000111000110010110
11110001001111011010110001111100001001111001111111011100001011001001100110010001110001010001111111011010110010100000011011011110110111001111110000011100001001010000000011110101010010111101111100100110
11100
11011101111101110010011101001111000101110001011000110110100011110100111010010001000001111000101110100010100111111111111101010011001001001100100010101000000100110001010010000110000101001110100101110010
100001111001101011000111011011010
11111110001111110011010011000010001100111100100011000100101100010000100010011001001000001001001101010010100111010010011111111111001110100100000101100011110101011011111101011101001010011011100101101000
10110101110011110101001000111011011011000010101110001101101001110000001010100
1011011011111100000100000000000111001100011001110110110101011110110110000111010001111100100001001011010
111100101101000101110010000110010110100000101000001010101000101111000100111111110001111010101001001110001010100100001000110101011011110010101000011010101000000
10010100111011110111100011110111110111001000010011100101101101111010001100110011100100110001010
1011110001100110001110100101011101100010000011001111100010000100000000001011010
11111011101110110100010101101100110101101011011111010110101101010001111100001010110101011100001111111100010011011101110000010001011010111010011011111011101110111001010000001011000010110010110111100100
10001011011001001000011010101001010011000000110101100011011100010011110001001101011010100011111110011000011101110001101100000110000010110000010011100100010010111000000100011000101001011100111100111000
100001011111001110110101011000100101011100111001000111001110111011010011010101110110010110011111110101010111101010101010011111110111101100011100110110011100111010011110011100110
1101110011011101111011101000001011100010001110110111010100100111100011010111010011000011010101100010111101011100010000000000000111001000110110
10011100111101110011100011000111000011110011000101001010000001111111100111111001011100011111100000001101100111000011000111010110101001000011010000111011000011101100101100100111100111000000001101001000
101101011110010100110011011111110111010111000101101001101001010000101110011111101000110010101010111010001011011000100101101101001110010100011010111011011110000
10110101011110100001000111100000100100110001111101011100011010111011101001000011001100111111000111000101001011111010110101100010011110111011000001010011001000110110011101110101001100101000100111001000
11001011101100110010011011111110101101111110100100001110000000010110001011111101111110011011001001001100010110110000011000101010010101000010011010001100001110
11010011010001000011010111000000101110110001011110011111110111001100110111110001010101101011001111101111101111001111100010000110010111001000011001111101110010111101101100101000000001100100111010011110
11011010101110010001111101000101100100011100001000100111101000100111111101010001101000101111000010000000100001010100101011010001001000110001011100010110010111111001010001010111111010011010011110111100
110001110001110011101001101010110110100001111001010101010110
101010001000101111001001111110001110100111001001000000011100
11101001011101101110000111101111110110011001011110011001000011001101101000101001110100001001001000000110101100110101110001100001010000111110111010010101000111100101101010100000011001000011110000100010
101110101001010100000000100000001100000010011001011001010110101000100001100001000001110010010000111100
110110
11010000011101100110110111000110010110000010000100100111110000111010001111010110010101010011001101001001011011010100110001000000000010100010100010010001101011010110011101001010011001010010010000101010
11011100101101100000101110011111000001010010110101001011001111100100000111011011101000010000110000100100000110110100101100111110
110010000111011011111111001100101111001110101101100001011000
10100000101110010101100111000111101000100010101011111000100011010100101110000110000111101101011010011100011001101010011100100000110001110100001111110100000110101111110010111000101111101000010111111110
1001100011101101010000001011101011011111111010100111100110001001100110001000101000011000011010000
10110110011011010100101011111100011001010110011100101000101011111011110100101010110110
10000110110110001111011100111111100001011101100000101111100001110000100000011010010000
110011001001000101111100100000101011001100001111000001111011111100001000001011001100111110111001110101101100010010000000101111110001111011101111000011110100101011110
11001001000011000110101101100111110000
10010101011100111110001001110011000000011111011010000110000000001110110000101000101000001000000100100011001111101010111110000100111011001010000001100001001000111101001110010001011100010000010100100010
11101000110001001100010111111110010100111010100111010010011110100001011101011100100010001010
10101000010101111011111111111010001010100010111111000010111111000010000010111111100011111011010011001110100010110011001000111100000110011011101110000010110111010111001111000100101110101111111000100100
10000111110001011110101111100000010101000110110100100010011111000101011111001000110000011011111100011100101111100101010001100100011110111010101010101001110001011100110000111100110111100010001011111100
11110100001010001101111001011111010101001000011100001111010001110000
10100100101100011001101011111110001011111100110011111101110110011110101111000000110010001101001101110000010110010101111010000100101000110000011001001111011010000101101101011100011110100000101001101000
10100010011011001101011110000101010110001010001100110111001001110111000011011100000010010011001010000110101101001000001010010111000011000110000100001010101010011011100010011011101011000010010011000100
11110000011100100001010110111100000011100011001000000000001111111101110110110101011000001001111111010110101001111010100010010001110000011010011101001001101110010100111101111001100010111111101110100
11010101000100110101000111011000100010010001001001100010110101000001111011111111000010011110111011001011110111000010001010001011010110011110011001010010001010101011110111010101000010011011011000000100
11001110010010010000111010111011111110010100101100000001100011100111011100010000010010001011100001100001110101000101100100001000101110100011111101001001000111010001011111111110011011011001001000010110
10010000111010010010111100000111001011101010010111010010101101101110100111010011100111000110101101101000111100100110000111100100100011011000011011000101000111111011011110001010101101011101001000110100
1101101001100000000100100111011011100110000000100000100100011110111001111101010110110011000101100
10011011110011011001001100110111000100100110100100001101100011100011100110111111101001000111110100000100000000110010010100011100001101010001111001000001010011100101010011101001110010001100000000111100
1111100001100001111111001000101010001011011100011001100110101010
11101111001110001010011011011011000011000101110011110110111101011111001101110011111010111001101100011001110011011010011001101000001110111111011001110000100011100010101110111011101011001011101100000000
10101000011101100010001011100000111010000111001001001001100110101001000000101111001000100
11000110111110111011100110110011110001001101110001011110110110110010011100010100000111111010101000010100111010010011101000110001100010001010110
110100100001110110001101001101010011111011110000100010010011100010010011101101001111111110000110110
11111100101110101110010111101010001110111011110001001110111111101010110001100111100011000110101101000010011101111001110010100110001010111110
100000000111100011001001001010000010011000111101101100110000110
11101100110000110111010100101100100110110000010010110011011111001010011011100001110111101101101010110011100001001011011010111100011000110000000010110100100101110011110001111000101101000100010100000000
11011101001000100111110001100101000010111111010011100110000111001101010001100000100100100001100011101011100010010011100100010100001000110100010111101010101100111010111000001101111100011001110110000100
10100101001000111001101111111100110011000001100001100000110110101110010010010110000001000111101110101010111010111100001000110111100111110001000110001100101011001011111110100010001101111010010
1000111101101111010000111101110111110101111011111100010100010011100010001101001000001110000
11110100001101011100000100101110101100110
10100101011101010100011011010110101000010010110010011110101100000110110001000010000100111010110000111010011110011110100011011100000001010001011111000010110010010100011000010011001110100111101001011010
111101100100010110000001011011100111001110010101111110001001111111011000110110100010110110111101110
10010111111000000000010101100001000011011010110110001111110000011010011100010011101011010101110001001100000000110011000011011110100000101111101100101011110110111001111001110001111111001110101110100010
111101001010010110011101101011110110111110110000101100101001010000011101111010000001001000100001001000011100100110010011001010100101100100010011010101110101101110100
10101010000111000100001110000000011011011001110100000100001110111010110110101000111000000110110111001110101001100110010100001101111100100010111110110011101111110101101111100001101011101001001101001110
10000100011011101000101001101010111110101011111100111101001010110111000110110011111110011101001111111011001110101010010011110111011110001111111010101000110001110001111001011000000101010101001111100000
11011110011101011111110101011011011010101100001001001111000000111010010000100001011000100100011110011011100111110011100011000101001100011010010010011101011011001111101011111010001100101110001101011000
10110011111101011110001010111111110011011110101110011100001001001100000010001010000
11100010000001001100110111100101101010100101000000001111111111110100111101010100101011100010111111101001111000100010011001010101101110110110001001000011111000110100100100011100110000101001111101110100
101111011100111010101110001000010000010101100000011011100000110010101101100101100011100000101100100011101111110110010101010000000
1111101111101001000001110
111010010111010110010011101000011110010001001101100000110111101011100100110111100110110000010101110101100111000011001010001011100101111011001111110110011110011111000
11100010011001001001001011011101101011100000100111010111001011110001000010111100101001110111001101000001111001111100
1000111101011100001000110
11000100000100100110110101011101010110101100010111111001111011011100000100000111110011011111110001001000111100000000100101110101001010011000101110110010111011011001010110100101110010111111010101111100
11000110011001001111010001011110000100001000001010010111101101100001000110010101100001000110100101110101011101101111100001000010111110011010101111010010100000001000010111111011100111111101001110001010
1101110010001101110001101111001011110010000001110100011100100110101110011110011011111001110110001010000000001111010111100001011111110110
10010001101100011011100011100100100100111101100110001100010001110011110111110010110100111111000111110110010000110011111101101011010010011100000011100011011001010110000000000010100100101110011001100010
10101100001001010101011110
111100110000101001101010111110011101111000111101011110000110110010111110111111101101010110101110100001100000111010011110100000100011010
11100000111000000101001011101101000100010010001101111101110101111111011100101111110100010000100101100011101111000011100010101101101001101000100011001101011001101001000000011010100110111111101001111100
11111010111010000011010111101000001101001111000001101111100
10111111111110011010011010101001011011001100001110100000011001111110011100001101100001011101111101010011000010100111000010111111111010000101011101001000001111000001110011011111111000001100000000111100
1111011010010101001011000000001101100110111101100
1110100111100001111110011011010100111010000100010000000010100110
1010001110101110111100010111110110101100100100010101000101100011010100110111111001101000001000100110111010000100001000100010000111101110101111101001011011101000000
111111001101000110001010001110000111010000101110000000010111101010011111110011101101110100101111111110
110001010111000001011000100010011100011011111000
10001011110010011100100010110011100110001010001100001110011010000
10011111011011000000010000001111110001111001111000000110110101010011011100000010100000110001010001000
10011001011010100111001011111100101100001011100010101000111101111001001111111101100110110101100010000011111001000100101010001001000111111101001001100101010000011110100000110111000000100000001101111110
110111101010100111110010000101101110000011100001001110111011111001100100001011101011110101110000000111100110100000
10011101101011100010000111000001011011011100011110001111010100100100101001010001010011011110000110010011101000000011110110100010011011010010111010111100000001101111001111110000011100101111110010100100
10100010000000100110001110101100101000011101101100100110100010000000011011000100
10010001110011010110110100100111111011110110000111110001000010001010110000101111010001100011101110100000000101001000011100011100110010010110000100010001011110001110001001111011111110111111011010111100
100000011101011011100111111100101000110101011011000000101110010010101010010100101101000101111011100101001111100111110100010100
1010101001100011100000001110011000101100101010000100
110000111011010001111011000101010110101100110100001011010001000011101101011101001000100110001110010111010110111101001010
100110001001100
1001010011111110110010001100111000100011000010011100111011111110011011111101010110111100100010101010110100010000
11011100010100001000011011011011011111010111100000101101001101000001001011111000000
100001101011011001100110110100111101000100010001011111101100100001010
11010000101001110111001010000001110101110111110010011100101011100001001010101111010111110111010000111010001110111110100000110100001111001000001001001101010110000000001001110011110000010101110
10000101001001001010010000111100001010111000111100000001110100110011011100110101110100010110111000011101010100101101100001000101001111010010110111000000001101011101000000010010000101101110000010011100
1101011101110010101000100111010010100011110011110100110110001000110000010001110100011010101011000100010000000000000101101100111100
10110100001001111100000010111000000010000011101100110011010011110100000010010010011000010011111101011001101100000100011000001011110101010101000011100100001000000000100011001101001011110111000001110000
1000101101100010
11000000011111000111011011100010011101010001011001100101110001110000101000111010111111111101100101011001000111000101011111010011010101010000111110011111011110000011001010111110000110110101100
1000011111100001110000010011101101000011111101010000000110101110010100010001110101101010110111000001010101011101100110010000100000100111100
10010001101010000110011101101100100001101010111100110110000110100010011010011011011000011101111110001011001110010011001101110010111110101100111110110110101010101000100000110010011100011001111011010100
111001011100100110101100100011010000001001000011110010001010110000100101111101010011111101011011110001101001111101111110101011100100010001000011000011101111111111001011011011010
10100110100100010011010001001100111011101110101010001001010010100111001000010111001000101011101010011001101010111110111010111101001010000110
10110011110100001011010100101111100110100001101100111000010011111110011110011111011111100111010001111110110011000110100100111010001110
100011011100011100010001100010100111001111111110001001110111100100001110000011110110101000111111110110001011011101001110100000111110100111100010000111100101111010101111010100010010001010
11010011111010110111010110001110100100011001000011010100010010111111111011100011110000001101110100010101010001011011000001101111001101100111010111101110011100100000001101011111100110100100100110111000
11010110101101100001001010000100101101101101011010111010101011000101000011000001101011001110000001101010110
101101110111000010010011101001000101000011010101010000110010100
1000111011110110011001111000111100111001110010000111111010110110111101110101000011000001101001110011000
10101101010100000001001110110101011010011101011100011101110001010010001010001101010100100110010010001011100000111010010011010010000110111101001000100101001001111001011100110111011110100101100010101010
10101111000011101110010110111111111010110001110000101110000111111011100011101011100101101010010110010111100001001001001011101100010011010000000011111010100110000011100011100000111101001011000110110110
111110100101000111101001110010010110110101011100100000111001001100
10011000110101111110100
1001001010101111100110
11001100010100110001100001010000111100100111110010111000110100100000011110000001000010000000
11001111011110011101100010011011011111110000111100
10111001110100011100110111101001010100110010000110001000111110101100010000010101011000100010100101101000010010010001001001110101100111010111101110111111111001010100110101000101010100101101100
1101111101110110110000101001110101111000110001011001011101011111100111100110100100000101110001110001101001000101001000110111010101110100011001100111100101001100101110011110110011000110010
11110111100011010001001100001110111101011001100111000100011000011010001111000111000111101010000100001001010110101100001101000110110100110001111001001001000010000
1010101001010001110010100000110100100101100110011001111100001011000100010000010010
100110010000110000001111011000101001000110111101111000111111101010111001000110001111000000110001111011000101011001110010010011101110011111111110000010010101110101111011011101010001010010101100010
110001010001100011001010101011011010000100100010110101110100111111100111110000001011100000011001111000110010100010101000011001110
1011001101011000000111101111001110100001111001010000011000001010101001110010110111101110000001111010000111110011111101011110101000
10101101011101111101100000011101110100011100111010
1100011101111110110010000000110110011101101111111001110
10100111110001001101010001100110101111000000000110100110101000001100101100101111100011010110100111011100001011000110001100001010100110010100111000001110100010111110010001101010111011100010000101010100
111001001100100110101100000101111110011001001000001101000100111101110001010011000111111001111101010011110100010100000110010
100101011000111100000010010110100010111010011011001111111001001100100101000000001000100001100001001100010001110101100010100001010110011101110010001111100010111100000101001000100101100010110110
11101011110101011001011101111010010101011000111110110101011010010110001010110111101101100010000001100001001101010100010111001101001010101100011110001000110101010111000111110101110010111101100010010100
10010101000000001000100100001101001010100001110101001001110010111010010000110101010110000101001110001110001010000000110100000111000100001000000110001111100001010100010100100
10000001000001010011111010101011111111101100111111010011100110000011100011011101000011110000011101111001101011001001000011011011110111001010111111100100101100100011010000100100011001100111110000100110
10000110110001110110110101110100010110011000000011010111001111001110101111110110101010101001110110010000010011011001010010111001010110100
11101101101101001100100101001001011110011101100100110000111111000100010110011110010100101001110101011010101110110010100110101101111011101111101110000001010000000011101100000010101110111111100001000010
101011011011101001010111010
11010111111000101010011010001100100000101101111011101010101101111111000100110110011111011010111010110100000101110011010111010000000110110101010100011010110110110000001011010100111101111010101101011100
1100000010010110001111100010101100011110001011101000100011111111111010000010010101010111001000010100101100001101011101101011011001000110111111010000000110110000
11001111110001100111010010100101111001100010101100010011100101101101000110101111001101111101011111001010010100011011101011000111000011110010010111000101110101000110001011111011101101111110000100000110
10101101011001110010011111001001100000011010011100100000001110111100000110000101010001110000001101011011001000111010111110011010010100111111100101111010000100001111100101001101011000011011111010100110
111010110000011000101011010110110000111000010001000100101010001011010010000100001110010000010000110101010100110100010
11001100101011110001000001000110000100010111110010100100010101100010100010100011101010100001000100111010010101011011010101111001010011111100001011000101111111000001001010100000010111011000011010111100
10000100101100001000010100111111000
11011110011011001100111001000111001100111110001100110011111000011101101110010010001111110110001100010001101110110010111100100100101101010000111110111100111101101100110110010110100001001001010101100000
10100011011001111101100101010101100110101110100010010111101101100000101101000011100011011011000100100001010001011111100011000010100011010101111001101110110101111110
11100111001111001110111110001001000110000111111000100101000001011011100110110000001110110101111011011101001001111001010010100001010001101111101101010001011100111000000010111101111001111010110011000000
10110001000010010111000101101111110101101001100010010111111000011111110000110110110101011001110011000010000111101000000100000110111111010100110010010110101010101001110000000010010100100000001000011000
10011001011101001111111100111011100111001000111000001010010000010000011111100110101110100111100000111111001110110110010000110100
111111010011011011011110101010011000110111001010111000001000110001000100010100000111101100000110100110010010001000100001011001111100111101001000001100000
1000001000100001010111001010111111010110010010101100001010011110001010000100011101111101110010000111100001000000
10000000110111010110100001010000101011110100101010011000110101110101101110111011110001011011000010001110001010100111111000011100100001101110001010111111111101100100001101111111111101011101101100010100
10010000001110010000001001000000000101010100100011000110100011110010001100001111100001100111011000000011111110110000100000001111111110100001110101000101111101101110000101110101000110001101001111011100
11111000001001000110111010110001011010001011100
11000101011000111010001000010111011101110100011011000001111101000111100010111111011111001000110111011010101010000111110100000100000011111010010000001011111001101000101110010000010
11100101011111110101000010100100101100111111001000101110010100011011111110100101000111010100001011101110110110100111111111010000110110
1100000011110111101110001111010011100110111000111101110001100010011101010111110010011110011100000100101111010001111000110001100001001101100100100001101100101011010100000
11011001101010010110111010011110101000100110011011111101101000100111101110101101000001011001011000001101010101110001110110110111101111011100110111111001010110111011011010010100101110011110010110000110
110111010010111101000100101101110101111011100110100110001100101101010111101101001100000
110111100001101111011111100100011001001111110101101110111111101101001001100111111000101011110110001010010110011011000100100
11110010001010111101110000011111000000110100110000110111101111011010010100000001110001001000011001011110010111100010000000011010100001011010010000110010100110000111011001010100110001111001111011111010
11011000000110110101100010001001011011000111010011101100001110000000110100101011100100111110001101010011101001100101000001100000010001111010101100001001100001100100101011011101111111000100010100111010
11110111110100101111100001100101001101100100100111001100110011010110110011011001011000111011010100001110010100100110010000111111011000111010100111101110000111010101001100000001110001001100000000010100
100110101101010100101110111001100010
110001010100111110110001110001000000000110110000000011111100010000011111010101100000111000011111101111011010010000000111000100
1000000000011001011111100000011001010010111110110111011010100011111100100110100101110110111011111001010100000000011111100101000101100101011000110000001110001110001101011000101111110000111110
1000000100101101001001011000000111010010100000101010110011011111001100100100100001101010110100000111100011101110011010110100
110111011000010111101110000
11110001000001101101110000110110101011001100001100110000111110110001101110100001110010000010110010010000101001011011101110100101111111110001101010011011100010110010
111100100010011101000110100110101011000110110100001010100001011000101011011100000001100001010011011101000010101101101101000000000101101111111100001101100101000111011110101101100010000010111011101010
1110111010111000110001000101011100111010000111110010101101111111000
1010101110101100010001000010010000101100100010100011110100010111001100110110101011000100011100101101011001011010010011100010001011110010000110101101011010110001110000000010100110111010111111011100
111001100010100100
11000010100101000111011100001111000111101001101011010011110110011011101101101100000111101000100100000111010001100001110011100111001111101000011011100001100000001011100000011101111110010010110111100010
10101011010001101010001110011101110101111110001110010111111010110011111000011001001110110100101101010001000010100011110001101110100110101011000100100000111011000110010110000001001100101111011001001000
11001001110011101001101100001010110001110
11010100110101000100100001110101011111010000110111100001110000000101000010101001011000101010011011110001001010110000011100110101000011010100001011001111011110010111100010001111001000100100111100001000
11111110011011000011110110010000001101110100110010001011100101000011011111101100010110001000110000111010010001010010101111100011000101100000111100110100111111101110101001001110100100110100110000000010
1000000111100100010010110010111000000101101000011101011001010000011011101101011010000000011111011000010111001000
110000111001110110000
1100110011101011001111101001001100010101010001010111101000010110111011011111101100111001001101111000000101001011101101010110101010
1101001010010101001001100011010001110110110011100010001011010010000100010
111100000110011001010101110100110110111001111100100110
10110
10101100100101100010100100110110010111010010001110011000111100101111001101001111010111110000111111011101011001110010011000001011111110111010010100101011011110110101100110100101111101111100110110000010
1111101111001100011000010101001110101001010011000001000111111101001111000101010011010110100110101111111111100001101101011001110101111000110010110111001111000110000010010100001100100010010
10111010100100100110000100110111101101010001010111110100010011000
101001000111010010101101010110110011111111001110000
10101010010
1011000101110110101100000001011011001001010000000100110001110011110110100001111100101000000110100101001011010110111011110010111111100100110100101100
111000100010001001000010110110000000111010111011111011111010011011010111010111010010011101011110110010101111101011111001010101000
10010101001110000001100001101100110001001010010111101001010010010111011001101011001101101011110001001111101000100101110
11010110101100111001100000000110111110110010111011101100001001111111001100011011100101110101011000010000110100100010100100001010100100010
1110100001000101010010111001001011011000000011100001101100100100110110110101011011001001101101001110100000101011000000011011000001110111100001111110
1011011000111110100101100001010010011010000010000100011110
110010011111001111011100000100110010111010111111011110011110110001100100111011111000001011001110010010000010100
10001111101100011010111011111001101010011000000011000101010010000011111111010010110110000011110111110001011000011010111001001000110101010101010110100011000100110100100111101100111100110000010
11000101111100001110011111011011001011001110100001111001001001111110011101110010
11100101100001011111110000100101101111101001001100110001101111011111111100100001010100100111011100101100001100101101011101110110001111010000111111101000001101100000011001000101111000001001000110110100
10011110011110011011010100000100101101011111001010011000101100100011100011011110001000100011010010010000001101100010110100111010101011101000010111000011010011111010000101011011110111100010101011001100
110110001001111110110110100101100111000011010001010110111010000110011100000010011011010000000100111100101000000
10101100101101000010010011001100101010001100110110110000000001011100111100011010100101111010010011011100000011010111011100101101101111010110101011010111000001111110110001000100000011101011110101111110
11101000101111101100011000111101111100010101000110111111010001010001001010000101001010001010011110110001101010101011101100111101111101100001010000110
10000100111111111100011101110011111110011111101110011010101001111110101110101000101100010110011110000111100111110100010011101010011010110000110111011001111110111000
111001010110101110011001010001100100
1010101110100110010101001000101111110011000111011101110000010010001000110010111110010100101111110001010010110101100111110100111010101000110010
110110101100110001011100
1001001000100010100001100010100010010
1000010101101111001100001101100010000001011000010111001111111110011010010
11010110110111110110000001000010000101011010111010000110111011101100111001011001001010000100001101100111011001101011101000110100110010001100110101010000001111011010010110000111000000001000000110110100
1001000001001100110111010101110000001100001010100110010111010011010100101010101000100111000111010001011011011011110100110101100
100111001010111110011010001000
110110101101010010011100100101001000000011000000100000010111100101001110101101000100000010010100110010
11101010000000010110111101110011010011101010000110110101101010011101110010001000110110011110100101011001101111111111011000011100110010011001110111001101010001001011100000100011010101001100001110010010
1110101011110011101111101000111100110010000111100101110100101111110101000100111000000000
10110011000010111101111101110000011111000001111101111100010100110110011010001001111111110010000110101101110010010110101011110111010110011001101100000101101001001110001010100011100011000011110101110000
1111001101110000111010100101000111110101101011110001111101000100110111010101100100001111110011101000101110110110111100001000111100001100111000000010011001111010011110
11111111011010010000010010101011101011010101100001110101111100110010000110110101101000001000101110111111000111011101100100000110101011011101100100000010011101100100101101111111101110101100101110010000
11110000100000011111111011100110001111100111011001111101010010100100001001101100110011011111100100101000110011000000111100101101001100111011100011001011100110000001011101000100100101011010011001101110
10101100011110110
11001110111110100010001101011110001111010010100101011101111110100100100111010000111110111101011000100000000111011001111011001011100010010111010111111100010010111101100000100101001110110110111110010000
10001101011000011011110000100101000011101111111010010100100100111101000111011110
1000110101101011110110111010011011110
1011110000110000001000110010100000011101101100110111110000101001001100111011111010101000001101110000001110101100110010111111100000001010110010011011011001011111000000011101011100101101110
100011100101000101011010
10010010001001000001000010010001000011001000100100111010101111101001000111001110110110101101001110010110101011100110001111101010100110111111101110001100100101101000100100010010000111000001111000111100
111010101100111111101011001011001011101001010001110
10001000011001110000001010100001111000110110110010110100010100111000001100110100011000010000111101000010110000100101111010110100001110110000100100110000010100111110111011100100001011000111100100000110
10100100010101111100011101001100111110111100101111010110000010111111011000100111000110010011000010100100111011111001010111111110010110001010011000010000010011001001110110011010101011011011000110001010
101000010111010000111111110011000110011100111110110101110001001101101011011000101100010111011100110
111110011111000010101010001000111010011100111000001101101100101110
11110111000111111100010001111110110
101100111000000111111100011010110001010110000001111110010011110000
101000100100110111011100111100111001111011110111001101001100101011011010010001011000000010000
10111001010101110000001110111010111110111011000011001010011100111100100110000111011001001111001010001010011110110011101000111010111011101101100111111101101001111010010010111100001011100110100000011010
101101111110011011101100111000001100
11011100000101010110000011101011110100100000011100101100000001100010101010001100101000101000010001111010011001000110011101010001100111010000101101001011000011000101110111101011001101101011011111000100
111100
1010111000111001111110110
101100101111011101111011111100101011100011101001100000101001010
10100100010001110000100110100100110110000000010101001011001100010111001010110001100010100101000100001101110010100110100101001111110000010000110111000010100110111010100000100000011000100011011101111110
11100000010101101000001001110110010011100101101010111001110111101001010000101111101100000110111110000001100100101110100011101100101010101100011100011010010001011111010101001100011000101101000101101100
1100000100011110101011110110000100010001000011011011011111010101001100101100001011011001011010
11011111111000010101011010000
1000011011001011001000001101010101110100110000100100100000110011001010010110100111100011101001111010000
10100101110000101100010110111011111000011101000101110101100000000000001010110011011011001101110
11000010110101100111001111110111111010011110110111000101011000000100011100100100000011111011111111111000110011100110001001001010100001001001111000101110000011011110110100101111001101000110000110111000
1011100000010010010111001111001100110001000001011000101111100000111101001101010011110010111111101101001111111001111000101000111101111111010111111011100100111010111100111110101100001100
11001010100100001101010111100101010111111011101011000100001000011100001000001000110111101100011010010010000101110011001100011011001110101001000000110011011000101010100100001100100001110100111011010000
1011010011001110000011001110010010001000100000011110001100110000111001110101001111001001100
11100010000001100000111011101110101000100010000101011111011000101001100111010011101001001101101111001010101101011001111110010100111001000
11101100001110110010100101011100000001100111100010001110010011111001111101001111101100011011101101000111111011100111010110100011000011000111111111010000011000100101010011101101010001100011011100011000
1011100010001000100110001000010111010101101001011000010000010100101110111110110010110001111111111110001010010001100100010000100010111110100011101110001001000
111111000000001100000011010001110000001111111001001100011110011100010100101011011110010111100010011110001001101001101100001100011111111001011011101100101000011010
1001100001110111110010010011001001011001110110011000011101100111101001010110011111011111101101101010000101110101000011110010110110
11101110110011001010111001110000110011011010000111101100001000100100110000001011110100000111101110000001011101001000001100001000001001111010100101000100001010111110000111011001010110010011100101001110
11101011101001001000001101111000111001000000000011000010
11011010101001110110101100101100101111010001010100000001101010001001010100001011110111000011111011011001110000010100011100101000100010
1011110011001100000011100011101011010000010100101001110110000100
1000110111110011110100111000111101011100110101011000110011110011001011111100110101011001001101000100110011011001000000010100100000010
11011110001111111101001110100000010000001100100110110110011101001001111100111010101101010111101100101110011110001101011001011101111001010001111110100010011101000011000000010001100110010000011101010100
1100110000010000010000110000011101111001101000110111100110000010001101000010010011010111111110011011000101100001001001010100011011100000101110100110111000111101110110000101110110000000101011100
10100000010110010110000100001100100110110101100001101100111000111001100110001101101111001001001100011101101100101001100000011010011001111001011010110111111110000100000010001010100100
1011001100000010110011100100001110110011111010110110101111111001011000000101100001110111011100001010111110100001011110111111000001011101011110010110
1110
111000101111011011011111100101001100101000111001111010111100000100010110101011100001101001010101111110011011110000111101110
11101000001100001100010010101100101100
111000010100010101000101101101011101000
11110010000000100000000100011101001110010011011101110010000111010100000001000010101100101100001000111001111011101101010010010010100010101101010111111110111111100111111011001101001101010010101110111100
100100101011111011010110110010100001111010010101011000100001111010100101101100110001000100101111111101100000100
100
110101101101111010101100100011010010011111010001100000111110101101001010110100110000011011111000100100010111101111001111011011111001001011010011000001001010
1110101010110100001100001111100111001101111101000
10110011110001110101001101100110111110110101110111110010111010000000100101100000011111010000100000011101100001100000100001011110010001110110110011011011101000001101111101010011001111000011111000010000
11111011111010011001100000100011000101001001110
100011000001110110
111000100110101111110011110110111000010110001101110100011101111101011011101101000111101001100101101010011101010100000100011001001010100100111100110011000010101000101110011101100111010
1111010000101011110101000010000000000010111010101110100000011110
100011001000011101110100000011000001011110101110010000110100000101010110111100011110000101110001111000101111100111101111011001010001000010010100111100101011110100010
10010101110110111000111110010110001011011001000110101100001000011001110100000001000101110101010111011001010111000
101110111011011101101100111010010101111100001000000001111011000010001001101000010001111011101011101001010011000
1111010101100101011001010000010111101110110101110001000111010111100011111000000100101011000001110101010001010111101100111101100110101111110001111111110001011111111111110101100
11100110111000100110011010101100110111100010110110100001111100011010001010110100010110101001001000101100010110001100011100101001001011100001101100111100001101101110010011110010011101011100000010010000
1110100101101000111001010000100010111001001101011111001010011000100000010111001010100001001111101010000000100010011010001110100110110010001011110111010100
111010000101001010011011100110010101100100100110111001000001000100011001001100001110110010
10111010000100100100110110001110101111100000010101011110101100010110110001011100111001110111010100110011100100001011101111011101111100100100010100011101000000001010011111111000110101101001110101100100
10010011000100111111110111100111110001010101010110000101010111101101110100111011110110111011010000101000010011111000000001100001110010111011110100000100
100111001000011110111100101101100110110001101110011010110111001100101011110101011101100001100010
101001110011000011100111001010010111101100010000
11000110101100111010100000101111111110000111001101101101011111011001110000100100110011110010011111000111010010110111001111111001001110001001000111010100011101100110110010100111101000010111010001010110
10100100110001010111001111010000011101110010100100011000000000101011100000110000011100110000000111010101000100011001110111101111100101111010010110011000010110000001000001001101111101100011001100001000
1000111110010100011011000111111000001110
1011000010101110000110110111011001001110000000111100001101101011101001101000001001001000
11010000111001101111000011011000100111011011000000100001110101111010001000001010001110000100101110100001111100011010001110001100110111001000111110011000010001011011101100000111001101011110100000010110
10011111001001010001101101101001111110111000010001010101000101000011110111001000011000001110111001110011010100110100000001011101110010000101101111010000011001011101011010000111011101101011001000111100
110010000010
11010001000111001101001100110000011111011101101010010101110100111111110010011000100101110111010111000100010111101110101001000011011010100010000101100110010100100011101110001000110111001001010001100000
11101000101001100110010010111001110011111001001111110000010000011010010000101010001100100101110110001001010111111010010111101001101111100010110100111011100001100101100111100100101110101011100110100010
10110101011100010110011110100110111111000110000010110001110001110110001011110111101101001000101110111011100111111111100110110111001011000010010101110010011110111000110010110100010111000
111001001011000010010110101000101010111001001010010101111011010011011000010100111110010011101111011110110001010
111100010110000110000101110010001111111010111010000011110100110110
1100100101111010110101111011100011100000111001011000100110111010011111101001000110001100011010100000011101100000001001110010010111010010010000
1001011010000001111111111010100111101111001001010010011100000011111001011000111011000101001010100011101100111111110011001111001000010
11001100010010100001001000001001111010011010110101111100010000101111110110111011110110111100011011001101100110101011010011011101100101010001010010001011110101011110001110111100011111111001001001100010
11111000001100011110101110111110101010000110011011111111010011111011001110011100000100100101000110
11000000111100001000001111010111001111111011101010101110001101000011010001100100010111011111000110010101100001110001101110111111100001010100000000011011110101111110010100110101010011011010111001100000
10000110001010000000101010010010
10000000
10110000001001100001100000111101001100000100001000111110100111000101010011011110100100011010111110111101011110110111111010110010000100011010100110010011000100010110000010100010101010101011000111001100
10110011110110101101101001110100011101100110110110110100100010010100011111011000101000110100001110111101000011010110001000110010111110000110000011011110000101000111101110010010111001111000000011110010
101000110010011001001100111110110111001011110101111101001101001011101011010011111011001110101101010010101000100100110001101100010010111000000010100100101100
10101010001010100101001110100000011000010010001111101111100000110010000000111011011100001111111101101000101011010110011101000100110100010010011010100101101000110100000010101000001100111001100110110000
10111010000111101111011111010110100001001001111011100110101001111011100101101000101010001001000001111011110100000110010101000010110101111111011110100000010001100000001011000111010111010000000110010100
1010000110100001101111110001011100011011001010001100001100100000110001001110101111111110000101000011110100000001001001000
10111011110100001011100001001011111110011010001000110110011110001000111101110110001100100
10000011111001011111111010001110100010000111000011000101111000111110111000100010100001010100001110101001110000111001110110
1110000111001011100000001010110010111010011110100011010111010111011001111111101011000111110011111101100010100111101101010
110000100
1100101100110110010001011010011001010010101000
11000111111110110111100000011000110010101000001101110111000100011010101100011001011101100010100000010
10101100101010000011000100001110000101000011110010011010000010000000100101010010100010111100
11111000101100001011111011100101111101011110001110111010111010010000000100100111111001010010000111101111100100000101000101100101110111011001010011010010010011111011111111011111010010110100001000011110
11000100000001101100010010100000100000110100011101010101110110010111100010101011011011101010101001100110001000100011111110011110000100000110111000001100010101011100001000010100111110001111110101101000
10001100011010101011101101111011011010110001010011111101101001000000111110100111110000010101010011010010000101000101111100101000010111110010110000111110010000011110010101100010101111010000100111011110
110000111110001100100000000111110011111111000011010001001011010101101001111111100100110010000100110000000110111011110011100000000000
1011001110101000100111100101010011001110101100011001000100001101010001011000011110000001100100101011000101111011101111111101011001111100011100111110010100111010001011111110011101000001110010110
11010110010000001100101111101110110010001011110111101110111011110000100010100000101101001000101111111000000110010
11100111010111000111100010111101000111111110100001010110000000110001001000101101000000000110010110111111010101010001011011100100111011000100001110111111010011101111100110100001101011011000011101100100
11110010010100111100101100101000100010111011100000011010001001111101010010001100110000010101100101100001110110
1011110000101010011100111010010110000001010100010101011101001011000100001100101100010110010110001011101011110000111000110011010010001101100111101111110001001011010010
1110101011000110010111110111100100011100100001110011011100110001000111100111100010011000100001011001101110011010110001111011010001100000000011000100101000111011110
1111110100100100011100001110000101011011011010110101110101100100001111001101100010111111100001001011101100100101101000101000011111110010000110000001111100011010000
10110101011001110110100101001000111010101101111100111100110101011010100111100111111010110001001010110100000110010111100001101010100100111001010000010111011111110110011100010100110101111000100100110110
Zadanie 6c
110100000011010110111011001111000111010111100000
111000110001000000011001000000101010010000110111010101010010111011111000011111010101000
11011110000100110101111111110101001110100110001110101110000110101000111010101001111110100010111111100000110011001001110011011111110011000000111111110101110110100010001101010101000000
10011111110001110111100100101101101111100110100011101011110111100100100100100000101000011111010010110010111110110100000111111111111001010010011001100100101100001011101110111010000001001101111010101000
11000111111111100000000101100111110110110010000110000110000000100001111000110101000100110000101111010010101101000001100101111001001100011110110000000110000
11000001000000110001011100000010011001110010110110001011100011011100100011100011101110011101011000110000000001110110001000011011110001111100001001010111000000001001110100100010110001011111000001011000
111110111001000001101101101011101111111101110010000000101000000100010111100000100100000
10011110011000010000111100001010010000100010011101111110100100110101100001001001101010110100101110000111010110111110001011001101110011101100111101110110101001010000001001010010111001001001101000001000
10010011110101100010100001110011101001101000101000000110000110010110111110100011100011100101101110101101110010001010100010111001100110000110101100110100011000010011001110011010000110001011000111000000
10110101010100100111001010110111111011111010111001100000000001110011110011100111001000101000011111001001100000111001111100100010001000011101110010001101111100111001011101000001000
1010011101000100001101011111000101101000
1100000111010111100100000101101101110110111010111001110011010101010010010111101101110100101000101100000
11011111111011100100000101000100011100000010100001000011101101001011001010001100101001010000101010111111101010101101100100010101001000110110000000001000100110010011111111010000000100110011111111011000
10010100010111111100100101010101110010100100100111111010010101100001000010101001010001101110000101010101110001010100101010100011111110000001010110011110000001110000110001000110111000111100010000111000
10110110011011111000000010101101101100101010001001001000101100000011011111111101011100100111111011010011100000111010100111000
100110111111011011111111101010101101110011100101110000110111001111000001111001100010011111110000000100111101111111000000000
1101000100010001011100100111110000
10101011001100000110011011010111110111101101111111111100000100011011011001110001100010011001010110100100010110000101011101100110010000001001011101100001000101001011111010011010011111001010101000111000
10000100101100111110101000011110010000100000011011100110110000001010010001000000010010110110011000000111010100001001110101101001100100111011011000011011101010000100011111000001111110010110011110010000
1001001101000111010010010100101100000111000001011101101010001101001011110010111010011001000101000111001110111010100011000101111000001101010010000
11110001000000110110100100001110101000001001011111001010101100001001011000111010001001110000110010001110001101000001101001111000001011010001100011101100001111100001011000111111011101011100100101111000
10011011001011001100100100111010011000101100110111110010010101100010111010100001111011101000101111000
111111111111111000111100110011011001001000011011001110001001010000000000
11110110100100001111101010001110000101000001100111000100111001000001001000111110011010001110101101000101011100010011110011111111101111001110111100011101000
111000111111001010100101001100011001111111100100000
10010101001111011110010110111010110111101010110111011000101111011101010110100011011010010011111110001111001001101101100100100101010010011011001001011000101111101010011111110010011111000100001111000000
1000010110100111101011011001011111011110111000010101101100000110000100011111011001101000101000000
11000101010111001101100100101001100111010001101010011100101100010110000011110101101011000011101101010111101000000111100100011101000110011100011000010010001011101101110100000011000011010011000111010000
110101110111111111101100000100101000111001100111000010000111101000001011110011101011010111111011101100000001001000100101111011000010000
101111000000110001011101000100100100001111011100001111001100011111110110011000010110000110000000
11100000010000100010010001011001110001100111001100110010100110100011101000011100110101001111001111010010101010010001000110111000101001111101001000001010000010011001000111101111110000000010001100111000
110101101111011001001100110010000001101101011100110011111100001101001011001100010001110011010001100111111010001011101101101010010110011001000101101001110000100110110001000001011101110010100001110000
11010010101001000010001010000000100100010001111010100111000
111010001010100000101010111011001001001000111001111010100101110010001100110100001000100001000000
110011010000101011110111100011110000000010010010000010001001100001011111100111001010000100010110000
11000010110101111010000010011111001000001111110011011010001011100010011010101010011100011100101101110100000101010110011100111010010111010010011100111110111000010101000010011110111011101111001001001000
11111110001111110011010011000010001100111100100011000100101100010000100010011001001000001001001101010010100111010010011111111111001110100100000101100011110101011011111101011101001010011011100101101000
111100101101000101110010000110010110100000101000001010101000101111000100111111110001111010101001001110001010100100001000110101011011110010101000011010101000000
10001011011001001000011010101001010011000000110101100011011100010011110001001101011010100011111110011000011101110001101100000110000010110000010011100100010010111000000100011000101001011100111100111000
10011100111101110011100011000111000011110011000101001010000001111111100111111001011100011111100000001101100111000011000111010110101001000011010000111011000011101100101100100111100111000000001101001000
101101011110010100110011011111110111010111000101101001101001010000101110011111101000110010101010111010001011011000100101101101001110010100011010111011011110000
10110101011110100001000111100000100100110001111101011100011010111011101001000011001100111111000111000101001011111010110101100010011110111011000001010011001000110110011101110101001100101000100111001000
110010000111011011111111001100101111001110101101100001011000
1001100011101101010000001011101011011111111010100111100110001001100110001000101000011000011010000
10000110110110001111011100111111100001011101100000101111100001110000100000011010010000
11001001000011000110101101100111110000
11110100001010001101111001011111010101001000011100001111010001110000
10100100101100011001101011111110001011111100110011111101110110011110101111000000110010001101001101110000010110010101111010000100101000110000011001001111011010000101101101011100011110100000101001101000
11101111001110001010011011011011000011000101110011110110111101011111001101110011111010111001101100011001110011011010011001101000001110111111011001110000100011100010101110111011101011001011101100000000
11101100110000110111010100101100100110110000010010110011011111001010011011100001110111101101101010110011100001001011011010111100011000110000000010110100100101110011110001111000101101000100010100000000
1000111101101111010000111101110111110101111011111100010100010011100010001101001000001110000
10000100011011101000101001101010111110101011111100111101001010110111000110110011111110011101001111111011001110101010010011110111011110001111111010101000110001110001111001011000000101010101001111100000
11011110011101011111110101011011011010101100001001001111000000111010010000100001011000100100011110011011100111110011100011000101001100011010010010011101011011001111101011111010001100101110001101011000
10110011111101011110001010111111110011011110101110011100001001001100000010001010000
101111011100111010101110001000010000010101100000011011100000110010101101100101100011100000101100100011101111110110010101010000000
111010010111010110010011101000011110010001001101100000110111101011100100110111100110110000010101110101100111000011001010001011100101111011001111110110011110011111000
1010001110101110111100010111110110101100100100010101000101100011010100110111111001101000001000100110111010000100001000100010000111101110101111101001011011101000000
110001010111000001011000100010011100011011111000
10001011110010011100100010110011100110001010001100001110011010000
10011111011011000000010000001111110001111001111000000110110101010011011100000010100000110001010001000
110111101010100111110010000101101110000011100001001110111011111001100100001011101011110101110000000111100110100000
1001010011111110110010001100111000100011000010011100111011111110011011111101010110111100100010101010110100010000
11011100010100001000011011011011011111010111100000101101001101000001001011111000000
10110100001001111100000010111000000010000011101100110011010011110100000010010010011000010011111101011001101100000100011000001011110101010101000011100100001000000000100011001101001011110111000001110000
11010011111010110111010110001110100100011001000011010100010010111111111011100011110000001101110100010101010001011011000001101111001101100111010111101110011100100000001101011111100110100100100110111000
1000111011110110011001111000111100111001110010000111111010110110111101110101000011000001101001110011000
11001100010100110001100001010000111100100111110010111000110100100000011110000001000010000000
11110111100011010001001100001110111101011001100111000100011000011010001111000111000111101010000100001001010110101100001101000110110100110001111001001001000010000
1011001101011000000111101111001110100001111001010000011000001010101001110010110111101110000001111010000111110011111101011110101000
1100000010010110001111100010101100011110001011101000100011111111111010000010010101010111001000010100101100001101011101101011011001000110111111010000000110110000
10000100101100001000010100111111000
11011110011011001100111001000111001100111110001100110011111000011101101110010010001111110110001100010001101110110010111100100100101101010000111110111100111101101100110110010110100001001001010101100000
11100111001111001110111110001001000110000111111000100101000001011011100110110000001110110101111011011101001001111001010010100001010001101111101101010001011100111000000010111101111001111010110011000000
10110001000010010111000101101111110101101001100010010111111000011111110000110110110101011001110011000010000111101000000100000110111111010100110010010110101010101001110000000010010100100000001000011000
111111010011011011011110101010011000110111001010111000001000110001000100010100000111101100000110100110010010001000100001011001111100111101001000001100000
1000001000100001010111001010111111010110010010101100001010011110001010000100011101111101110010000111100001000000
1100000011110111101110001111010011100110111000111101110001100010011101010111110010011110011100000100101111010001111000110001100001001101100100100001101100101011010100000
110111010010111101000100101101110101111011100110100110001100101101010111101101001100000
110111011000010111101110000
1110111010111000110001000101011100111010000111110010101101111111000
10101011010001101010001110011101110101111110001110010111111010110011111000011001001110110100101101010001000010100011110001101110100110101011000100100000111011000110010110000001001100101111011001001000
11010100110101000100100001110101011111010000110111100001110000000101000010101001011000101010011011110001001010110000011100110101000011010100001011001111011110010111100010001111001000100100111100001000
1000000111100100010010110010111000000101101000011101011001010000011011101101011010000000011111011000010111001000
110000111001110110000
10111010100100100110000100110111101101010001010111110100010011000
101001000111010010101101010110110011111111001110000
111000100010001001000010110110000000111010111011111011111010011011010111010111010010011101011110110010101111101011111001010101000
110110001001111110110110100101100111000011010001010110111010000110011100000010011011010000000100111100101000000
10000100111111111100011101110011111110011111101110011010101001111110101110101000101100010110011110000111100111110100010011101010011010110000110111011001111110111000
100111001010111110011010001000
1110101011110011101111101000111100110010000111100101110100101111110101000100111000000000
10110011000010111101111101110000011111000001111101111100010100110110011010001001111111110010000110101101110010010110101011110111010110011001101100000101101001001110001010100011100011000011110101110000
11111111011010010000010010101011101011010101100001110101111100110010000110110101101000001000101110111111000111011101100100000110101011011101100100000010011101100100101101111111101110101100101110010000
11001110111110100010001101011110001111010010100101011101111110100100100111010000111110111101011000100000000111011001111011001011100010010111010111111100010010111101100000100101001110110110111110010000
101100111000000111111100011010110001010110000001111110010011110000
101000100100110111011100111100111001111011110111001101001100101011011010010001011000000010000
11011111111000010101011010000
1000011011001011001000001101010101110100110000100100100000110011001010010110100111100011101001111010000
11000010110101100111001111110111111010011110110111000101011000000100011100100100000011111011111111111000110011100110001001001010100001001001111000101110000011011110110100101111001101000110000110111000
11001010100100001101010111100101010111111011101011000100001000011100001000001000110111101100011010010010000101110011001100011011001110101001000000110011011000101010100100001100100001110100111011010000
11100010000001100000111011101110101000100010000101011111011000101001100111010011101001001101101111001010101101011001111110010100111001000
11101100001110110010100101011100000001100111100010001110010011111001111101001111101100011011101101000111111011100111010110100011000011000111111111010000011000100101010011101101010001100011011100011000
1011100010001000100110001000010111010101101001011000010000010100101110111110110010110001111111111110001010010001100100010000100010111110100011101110001001000
111000010100010101000101101101011101000
1110101010110100001100001111100111001101111101000
10110011110001110101001101100110111110110101110111110010111010000000100101100000011111010000100000011101100001100000100001011110010001110110110011011011101000001101111101010011001111000011111000010000
10010101110110111000111110010110001011011001000110101100001000011001110100000001000101110101010111011001010111000
101110111011011101101100111010010101111100001000000001111011000010001001101000010001111011101011101001010011000
11100110111000100110011010101100110111100010110110100001111100011010001010110100010110101001001000101100010110001100011100101001001011100001101100111100001101101110010011110010011101011100000010010000
101001110011000011100111001010010111101100010000
10100100110001010111001111010000011101110010100100011000000000101011100000110000011100110000000111010101000100011001110111101111100101111010010110011000010110000001000001001101111101100011001100001000
1011000010101110000110110111011001001110000000111100001101101011101001101000001001001000
11010001000111001101001100110000011111011101101010010101110100111111110010011000100101110111010111000100010111101110101001000011011010100010000101100110010100100011101110001000110111001001010001100000
10110101011100010110011110100110111111000110000010110001110001110110001011110111101101001000101110111011100111111111100110110111001011000010010101110010011110111000110010110100010111000
1100100101111010110101111011100011100000111001011000100110111010011111101001000110001100011010100000011101100000001001110010010111010010010000
11000000111100001000001111010111001111111011101010101110001101000011010001100100010111011111000110010101100001110001101110111111100001010100000000011011110101111110010100110101010011011010111001100000
10000000
10101010001010100101001110100000011000010010001111101111100000110010000000111011011100001111111101101000101011010110011101000100110100010010011010100101101000110100000010101000001100111001100110110000
1010000110100001101111110001011100011011001010001100001100100000110001001110101111111110000101000011110100000001001001000
1100101100110110010001011010011001010010101000
11000100000001101100010010100000100000110100011101010101110110010111100010101011011011101010101001100110001000100011111110011110000100000110111000001100010101011100001000010100111110001111110101101000
110000111110001100100000000111110011111111000011010001001011010101101001111111100100110010000100110000000110111011110011100000000000
1111110100100100011100001110000101011011011010110101110101100100001111001101100010111111100001001011101100100101101000101000011111110010000110000001111100011010000
